100
10
7 45 8 18 29 48 42 30 14 4
10
12 20 25 14 2 43 8 14 29 0
10
29 17 31 50 27 44 1 14 15 39
10
24 33 26 40 43 5 37 24 39 14
10
36 50 41 32 43 50 34 4 17 10
10
11 13 21 11 31 20 26 32 18 30
10
46 26 42 33 30 29 31 11 33 4
10
20 42 19 24 39 39 49 12 6 5
10
47 5 8 15 18 7 34 32 1 22
10
14 20 19 37 49 1 28 17 41 49
10
48 0 26 27 17 33 30 37 14 46
10
31 14 29 42 14 37 36 34 5 4
10
31 28 37 18 26 15 32 20 27 17
10
50 27 2 8 32 2 49 22 15 28
10
27 42 29 38 31 22 20 20 5 31
10
46 12 1 3 18 35 15 11 10 37
10
0 33 35 37 33 42 0 4 4 2
10
36 18 49 24 30 42 14 36 15 37
10
26 24 20 15 38 4 8 11 47 8
10
36 27 39 42 32 35 0 2 37 47
10
6 44 2 36 18 45 41 35 31 22
10
6 31 2 42 0 22 4 32 34 28
10
25 34 1 37 48 0 10 14 40 30
10
36 28 23 35 22 23 45 28 2 41
10
44 25 22 25 0 40 21 14 49 47
10
30 16 3 38 4 18 42 3 41 10
10
17 6 0 35 42 12 41 0 26 50
10
23 29 46 13 1 3 18 0 6 26
10
38 7 46 5 5 8 47 7 28 7
10
40 39 1 43 37 35 15 13 6 37
10
8 30 28 4 37 28 4 6 19 45
10
44 42 13 5 46 0 25 39 29 42
10
14 3 37 32 35 3 20 34 5 13
10
42 47 30 35 24 39 29 1 36 40
10
48 21 5 24 46 43 34 12 32 31
10
43 32 29 50 4 38 32 48 40 10
10
18 40 28 12 23 18 37 27 14 14
10
8 22 13 21 50 27 18 48 12 50
10
30 4 23 44 11 9 39 8 23 10
10
27 11 0 29 49 35 9 34 41 13
10
30 46 38 28 12 22 2 25 5 2
10
33 8 49 4 6 45 29 16 39 47
10
37 22 26 0 20 48 13 34 20 35
10
5 48 14 33 50 9 25 29 2 22
10
10 30 35 5 27 4 25 6 49 9
10
22 49 6 48 47 38 22 10 7 13
10
9 29 44 35 10 20 16 46 6 1
10
49 45 2 45 50 8 4 50 14 29
10
19 2 45 24 12 6 44 42 49 39
10
26 27 15 35 41 25 37 10 39 15
10
32 18 1 27 32 26 2 0 48 45
10
4 24 29 34 29 15 7 15 2 32
10
2 23 23 18 10 33 15 20 42 3
10
13 37 38 37 15 4 41 2 12 20
10
3 16 46 22 23 24 37 9 13 34
10
16 31 37 15 22 47 3 25 37 36
10
5 29 39 2 30 19 34 6 45 40
10
39 24 8 3 47 29 30 36 21 22
10
36 50 50 14 50 24 27 21 43 4
10
23 40 43 35 17 7 23 28 9 8
10
11 42 8 7 40 43 23 36 8 24
10
9 39 12 40 26 4 40 25 10 39
10
7 50 0 1 44 44 40 47 6 20
10
34 45 23 47 26 2 3 16 1 18
10
21 29 16 2 18 10 18 31 43 15
10
21 48 10 6 8 20 23 8 36 26
10
31 30 41 17 15 10 0 17 47 50
10
17 29 36 14 6 1 8 29 39 34
10
37 40 3 31 40 1 43 10 12 15
10
48 34 11 18 34 47 40 26 26 17
10
46 19 16 20 12 24 33 45 48 43
10
38 23 1 4 21 38 50 23 33 42
10
29 34 27 50 44 22 46 17 29 14
10
29 7 16 18 17 11 47 33 10 3
10
4 32 15 4 39 46 48 7 48 8
10
20 16 29 47 9 12 23 42 49 27
10
47 1 0 15 16 25 19 27 16 41
10
7 35 18 36 2 6 30 23 2 11
10
13 12 15 15 11 37 33 17 9 7
10
15 27 21 31 20 44 4 31 25 11
10
12 10 13 36 10 19 12 28 9 7
10
5 12 32 0 48 43 11 24 22 41
10
36 22 5 46 29 23 34 17 50 48
10
20 14 47 23 17 32 35 15 34 18
10
4 8 14 21 16 30 34 4 16 39
10
10 5 4 13 14 17 19 50 36 21
10
19 38 2 5 47 3 37 23 31 18
10
16 11 40 50 13 19 36 12 31 48
10
20 50 29 37 37 23 48 5 7 8
10
36 31 33 26 21 43 29 17 37 38
10
33 25 5 18 48 14 20 25 0 3
10
31 23 4 27 34 24 2 17 15 9
10
34 6 32 16 46 32 28 43 28 6
10
19 23 10 40 18 34 4 49 8 32
10
46 27 18 9 1 29 44 30 40 35
10
15 17 27 26 4 14 22 20 19 1
10
2 19 23 4 47 19 33 35 14 1
10
27 13 34 29 50 39 17 29 24 16
10
19 14 2 27 20 19 42 38 47 23
10
29 42 37 15 39 9 2 20 2 42