if 1 1 print 1 
if k == 1 print NO


2 rep:
1: 1
2: 1 2
3: 1 3 2
4: 1 3 2 4
5: 1 5 3 2 4
6: 1 5 3 2 6 4
7: 1 5 3 7 2 6 4

1 4097 2049 1025 3073 513 4609 2561 1537 3585 257 4353 2305 1281 3329 769 4865 2817 1793 3841 129 4225 2177 1153 3201 641 4737 2689 1665 3713 385 4481 2433 1409 3457 897 4993 2945 1921 3969 65 4161 2113 1089 3137 577 4673 2625 1601 3649 321 4417 2369 1345 3393 833 4929 2881 1857 3905 193 4289 2241 1217 3265 705 4801 2753 1729 3777 449 4545 2497 1473 3521 961 3009 1985 4033 33 4129 2081 1057 3105 545 4641 2593 1569 3617 289 4385 2337 1313 3361 801 4897 2849 1825 3873 161 4257 2209 1185 3233 673 4769 2721 1697 3745 417 4513 2465 1441 3489 929 2977 1953 4001 97 4193 2145 1121 3169 609 4705 2657 1633 3681 353 4449 2401 1377 3425 865 4961 2913 1889 3937 225 4321 2273 1249 3297 737 4833 2785 1761 3809 481 4577 2529 1505 3553 993 3041 2017 4065 17 4113 2065 1041 3089 529 4625 2577 1553 3601 273 4369 2321 1297 3345 785 4881 2833 1809 3857 145 4241 2193 1169 3217 657 4753 2705 1681 3729 401 4497 2449 1425 3473 913 2961 1937 3985 81 4177 2129 1105 3153 593 4689 2641 1617 3665 337 4433 2385 1361 3409 849 4945 2897 1873 3921 209 4305 2257 1233 3281 721 4817 2769 1745 3793 465 4561 2513 1489 3537 977 3025 2001 4049 49 4145 2097 1073 3121 561 4657 2609 1585 3633 305 4401 2353 1329 3377 817 4913 2865 1841 3889 177 4273 2225 1201 3249 689 4785 2737 1713 3761 433 4529 2481 1457 3505 945 2993 1969 4017 113 4209 2161 1137 3185 625 4721 2673 1649 3697 369 4465 2417 1393 3441 881 4977 2929 1905 3953 241 4337 2289 1265 3313 753 4849 2801 1777 3825 497 4593 2545 1521 3569 1009 3057 2033 4081 9 4105 2057 1033 3081 521 4617 2569 1545 3593 265 4361 2313 1289 3337 777 4873 2825 1801 3849 137 4233 2185 1161 3209 649 4745 2697 1673 3721 393 4489 2441 1417 3465 905 2953 1929 3977 73 4169 2121 1097 3145 585 4681 2633 1609 3657 329 4425 2377 1353 3401 841 4937 2889 1865 3913 201 4297 2249 1225 3273 713 4809 2761 1737 3785 457 4553 2505 1481 3529 969 3017 1993 4041 41 4137 2089 1065 3113 553 4649 2601 1577 3625 297 4393 2345 1321 3369 809 4905 2857 1833 3881 169 4265 2217 1193 3241 681 4777 2729 1705 3753 425 4521 2473 1449 3497 937 2985 1961 4009 105 4201 2153 1129 3177 617 4713 2665 1641 3689 361 4457 2409 1385 3433 873 4969 2921 1897 3945 233 4329 2281 1257 3305 745 4841 2793 1769 3817 489 4585 2537 1513 3561 1001 3049 2025 4073 25 4121 2073 1049 3097 537 4633 2585 1561 3609 281 4377 2329 1305 3353 793 4889 2841 1817 3865 153 4249 2201 1177 3225 665 4761 2713 1689 3737 409 4505 2457 1433 3481 921 2969 1945 3993 89 4185 2137 1113 3161 601 4697 2649 1625 3673 345 4441 2393 1369 3417 857 4953 2905 1881 3929 217 4313 2265 1241 3289 729 4825 2777 1753 3801 473 4569 2521 1497 3545 985 3033 2009 4057 57 4153 2105 1081 3129 569 4665 2617 1593 3641 313 4409 2361 1337 3385 825 4921 2873 1849 3897 185 4281 2233 1209 3257 697 4793 2745 1721 3769 441 4537 2489 1465 3513 953 3001 1977 4025 121 4217 2169 1145 3193 633 4729 2681 1657 3705 377 4473 2425 1401 3449 889 4985 2937 1913 3961 249 4345 2297 1273 3321 761 4857 2809 1785 3833 505 4601 2553 1529 3577 1017 3065 2041 4089 5 4101 2053 1029 3077 517 4613 2565 1541 3589 261 4357 2309 1285 3333 773 4869 2821 1797 3845 133 4229 2181 1157 3205 645 4741 2693 1669 3717 389 4485 2437 1413 3461 901 4997 2949 1925 3973 69 4165 2117 1093 3141 581 4677 2629 1605 3653 325 4421 2373 1349 3397 837 4933 2885 1861 3909 197 4293 2245 1221 3269 709 4805 2757 1733 3781 453 4549 2501 1477 3525 965 3013 1989 4037 37 4133 2085 1061 3109 549 4645 2597 1573 3621 293 4389 2341 1317 3365 805 4901 2853 1829 3877 165 4261 2213 1189 3237 677 4773 2725 1701 3749 421 4517 2469 1445 3493 933 2981 1957 4005 101 4197 2149 1125 3173 613 4709 2661 1637 3685 357 4453 2405 1381 3429 869 4965 2917 1893 3941 229 4325 2277 1253 3301 741 4837 2789 1765 3813 485 4581 2533 1509 3557 997 3045 2021 4069 21 4117 2069 1045 3093 533 4629 2581 1557 3605 277 4373 2325 1301 3349 789 4885 2837 1813 3861 149 4245 2197 1173 3221 661 4757 2709 1685 3733 405 4501 2453 1429 3477 917 2965 1941 3989 85 4181 2133 1109 3157 597 4693 2645 1621 3669 341 4437 2389 1365 3413 853 4949 2901 1877 3925 213 4309 2261 1237 3285 725 4821 2773 1749 3797 469 4565 2517 1493 3541 981 3029 2005 4053 53 4149 2101 1077 3125 565 4661 2613 1589 3637 309 4405 2357 1333 3381 821 4917 2869 1845 3893 181 4277 2229 1205 3253 693 4789 2741 1717 3765 437 4533 2485 1461 3509 949 2997 1973 4021 117 4213 2165 1141 3189 629 4725 2677 1653 3701 373 4469 2421 1397 3445 885 4981 2933 1909 3957 245 4341 2293 1269 3317 757 4853 2805 1781 3829 501 4597 2549 1525 3573 1013 3061 2037 4085 13 4109 2061 1037 3085 525 4621 2573 1549 3597 269 4365 2317 1293 3341 781 4877 2829 1805 3853 141 4237 2189 1165 3213 653 4749 2701 1677 3725 397 4493 2445 1421 3469 909 2957 1933 3981 77 4173 2125 1101 3149 589 4685 2637 1613 3661 333 4429 2381 1357 3405 845 4941 2893 1869 3917 205 4301 2253 1229 3277 717 4813 2765 1741 3789 461 4557 2509 1485 3533 973 3021 1997 4045 45 4141 2093 1069 3117 557 4653 2605 1581 3629 301 4397 2349 1325 3373 813 4909 2861 1837 3885 173 4269 2221 1197 3245 685 4781 2733 1709 3757 429 4525 2477 1453 3501 941 2989 1965 4013 109 4205 2157 1133 3181 621 4717 2669 1645 3693 365 4461 2413 1389 3437 877 